config_set_0based = 0
positions_in_set = 69
total_mesh_cells = 308
generations = 120
histories = 3000
skip = 5
bound_left_g1_to_g7 = 1 1 1 1 1 1 1
bound_right_g1_to_g7 = 1 1 1 1 1 1 1
sigma_collision = SigTR from CSV; scatter from full 7x7 matrix CSV
k_eff_mc_last =     1.071474
k_eff_mc_mean =     1.081916
k_eff_mc_std =     0.024030
flux_integral_g1 =     8.447786
flux_integral_g2 =    29.284320
flux_integral_g3 =    10.556727
flux_integral_g4 =     2.770294
flux_integral_g5 =     2.742169
flux_integral_g6 =     1.405464
flux_integral_g7 =     0.510984
