config_set_0based = 0
positions_in_set = 69
total_mesh_cells = 582
generations = 100
histories = 1000
skip = 5
bound_left_g1_to_g7 = 1 1 1 1 1 1 1
bound_right_g1_to_g7 = 1 1 1 1 1 1 1
sigma_collision = SigTR from CSV; scatter from full 7x7 matrix CSV
k_eff_mc_last =     1.109303
k_eff_mc_mean =     1.035242
k_eff_mc_std =     0.039721
flux_integral_g1 =     8.197474
flux_integral_g2 =    28.185768
flux_integral_g3 =     9.359481
flux_integral_g4 =     2.230120
flux_integral_g5 =     0.915677
flux_integral_g6 =     0.260836
flux_integral_g7 =     0.103478
